   0.0000000000000000                            xmin    
   1.0000000000000000                            xmax    
   0.0000000000000000                            ymin    
   1.0000000000000000                            ymax    
 T                       text    
   1.0000000474974513E-003                       epscl   
  0.34999999999999998                            txsize  
  0.23000000000000001                            legsize 
   0.0000000000000000                            legx    
   0.0000000000000000                            legy    
           1                       color   
  0.59999999999999998                            sysize  
           0                       parlev  
 T                       parplo  
 T                       noerrors
 T                       axis    
 T                       txaxis  
 T                       nofits  
 F                       log_x   
 F                       log_y   
 F                       lin_x   
 F                       lin_y   
          -2                       #        
           0                       font     
   1.0000000000000000                            axtxsize 
   1.0000000000000000                            axticlen 
  0.50000000000000000                            flinewd  
  0.75000000000000000                            dlinewd  
   7.4999999999999997E-002                       xlegdist 
  0.14000000000000001                            ylegdist 
   0.0000000000000000                            tit_x    
   8.0000000000000002E-002                       tit_y    
         100
    1    1    1    1    1    1    1    1    1    1    1    1    1    1    1    1    1    1    1    1
    1    1    1    1    1    1    1    1    1    1    1    1    1    1    1    1    1    1    1    1
    1    1    1    1    1    1    1    1    1    1    1    1    1    1    1    1    1    1    1    1
    1    1    1    1    1    1    1    1    1    1    1    1    1    1    1    1    1    1    1    1
    1    1    1    1    1    1    1    1    1    1    1    1    1    1    1    1    1    1    1    1
         100
    1.000000    1.000000    1.000000    1.000000    1.000000    1.000000    1.000000    1.000000    1.000000    1.000000
    1.000000    1.000000    1.000000    1.000000    1.000000    1.000000    1.000000    1.000000    1.000000    1.000000
    1.000000    1.000000    1.000000    1.000000    1.000000    1.000000    1.000000    1.000000    1.000000    1.000000
    1.000000    1.000000    1.000000    1.000000    1.000000    1.000000    1.000000    1.000000    1.000000    1.000000
    1.000000    1.000000    1.000000    1.000000    1.000000    1.000000    1.000000    1.000000    1.000000    1.000000
    1.000000    1.000000    1.000000    1.000000    1.000000    1.000000    1.000000    1.000000    1.000000    1.000000
    1.000000    1.000000    1.000000    1.000000    1.000000    1.000000    1.000000    1.000000    1.000000    1.000000
    1.000000    1.000000    1.000000    1.000000    1.000000    1.000000    1.000000    1.000000    1.000000    1.000000
    1.000000    1.000000    1.000000    1.000000    1.000000    1.000000    1.000000    1.000000    1.000000    1.000000
    1.000000    1.000000    1.000000    1.000000    1.000000    1.000000    1.000000    1.000000    1.000000    1.000000
         100
    2    3    4    5    6    7    8    9   10   11   12   13   14   15   16   17   18   19   20   21
   22   23   24   25   26   27   28   29   30   31   32   33   34   35   36   37   38   39   40   41
   42   43   44   45   46   47   48   49   50   51   52   53   54   55   56   57   58   59   60   61
   62   63   64   65   66   67   68   69   70   71   72   73   74   75   76   77   78   79   80   81
   82   83   84   85   86   87   88   89   90   91   92   93   94   95   96   97   98   99  100  101
         100
    1.000000    1.000000    1.000000    1.000000    1.000000    1.000000    1.000000    1.000000    1.000000    1.000000
    1.000000    1.000000    1.000000    1.000000    1.000000    1.000000    1.000000    1.000000    1.000000    1.000000
    1.000000    1.000000    1.000000    1.000000    1.000000    1.000000    1.000000    1.000000    1.000000    1.000000
    1.000000    1.000000    1.000000    1.000000    1.000000    1.000000    1.000000    1.000000    1.000000    1.000000
    1.000000    1.000000    1.000000    1.000000    1.000000    1.000000    1.000000    1.000000    1.000000    1.000000
    1.000000    1.000000    1.000000    1.000000    1.000000    1.000000    1.000000    1.000000    1.000000    1.000000
    1.000000    1.000000    1.000000    1.000000    1.000000    1.000000    1.000000    1.000000    1.000000    1.000000
    1.000000    1.000000    1.000000    1.000000    1.000000    1.000000    1.000000    1.000000    1.000000    1.000000
    1.000000    1.000000    1.000000    1.000000    1.000000    1.000000    1.000000    1.000000    1.000000    1.000000
    1.000000    1.000000    1.000000    1.000000    1.000000    1.000000    1.000000    1.000000    1.000000    1.000000
         100
    0    0    0    0    0    0    0    0    0    0    0    0    0    0    0    0    0    0    0    0
    0    0    0    0    0    0    0    0    0    0    0    0    0    0    0    0    0    0    0    0
    0    0    0    0    0    0    0    0    0    0    0    0    0    0    0    0    0    0    0    0
    0    0    0    0    0    0    0    0    0    0    0    0    0    0    0    0    0    0    0    0
    0    0    0    0    0    0    0    0    0    0    0    0    0    0    0    0    0    0    0    0
   1.3000000000000000     
