#bead W(k/zeta)
0 0.00605199 165.235
1 0.00605199 165.235
2 0.00605199 165.235
3 0.0108612 92.0705
4 0.0152405 65.6145
5 0.00509473 196.281
6 0.00406748 245.853
7 0.00485278 206.067
8 0.00278369 359.236
9 0.0066896 149.486
10 0.00346367 288.711
11 0.00186484 536.238
12 0.00203506 491.386
13 0.00720738 138.747
14 0.0171471 58.319
15 0.00549573 181.959
16 0.00760716 131.455
17 0.0044649 223.969
18 0.00335289 298.251
19 0.00510365 195.938
20 0.00317429 315.031
21 0.00153416 651.822
22 0.000345502 2894.34
23 0.000534828 1869.76
24 0.00648085 154.301
25 0.0118244 84.5712
26 0.0114379 87.4285
27 0.0075659 132.172
28 0.00316089 316.367
29 0.00444244 225.101
30 0.0100608 99.3959
31 0.00611308 163.584
32 0.00300177 333.136
33 0.0037967 263.386
34 0.00545703 183.25
35 0.00278262 359.373
36 0.00286387 349.178
37 0.00358728 278.763
38 0.00707543 141.334
39 0.00507172 197.172
40 0.00605199 165.235
41 0.00605199 165.235
42 0.00605199 165.235
43 0.00672532 148.692
44 0.00672532 148.692
45 0.00672532 148.692
46 0.0109668 91.1842
47 0.00558925 178.915
48 0.0038113 262.378
49 0.00429119 233.035
50 0.00693417 144.213
51 0.0123958 80.6724
52 0.0132562 75.4363
53 0.0025063 398.994
54 0.00137539 727.067
55 0.00121892 820.396
56 0.000913767 1094.37
57 0.000588296 1699.82
58 0.00101629 983.966
59 0.0114981 86.9706
60 0.0138912 71.9881
61 0.0132472 75.4875
62 0.0146953 68.0488
63 0.0103778 96.3592
64 0.0136751 73.1258
65 0.0217104 46.0609
66 0.0173948 57.4883
67 0.0109965 90.9378
68 0.00939441 106.446
69 0.0074283 134.62
70 0.00657393 152.116
71 0.006396 156.348
72 0.00395216 253.026
73 0.00324803 307.879
74 0.00772774 129.404
75 0.00402683 248.335
76 0.0040296 248.164
77 0.00872279 114.642
78 0.00530131 188.632
79 0.00356494 280.51
80 0.00496443 201.433
81 0.0197978 50.5106
82 0.00186023 537.568
83 0.00672532 148.692
84 0.00672532 148.692
85 0.00672532 148.692
86 0.00965058 103.621
87 0.00965058 103.621
88 0.00965058 103.621
89 0.00971157 102.97
90 0.00399798 250.127
91 0.00137457 727.5
92 0.00564688 177.089
93 0.00700844 142.685
94 0.00168074 594.975
95 0.000940795 1062.93
96 0.00329445 303.54
97 0.0164389 60.8312
98 0.0177815 56.2381
99 0.0143095 69.8835
100 0.0014104 709.019
101 0.000726179 1377.07
102 0.00151416 660.432
103 0.0308061 32.4611
104 0.0393861 25.3897
105 0.0115772 86.3768
106 0.0034639 288.692
107 0.00202775 493.158
108 0.001933 517.331
109 0.0020563 486.31
110 0.00772023 129.53
111 0.0100272 99.7285
112 0.0122889 81.374
113 0.00781299 127.992
114 0.00128716 776.906
115 0.0020039 499.028
116 0.0113086 88.4279
117 0.00360231 277.599
118 0.00131791 758.778
119 0.00207183 482.665
120 0.00281684 355.008
121 0.00487896 204.962
122 0.0177145 56.451
123 0.0650166 15.3807
124 0.116235 8.60328
125 0.0319677 31.2816
126 0.00965058 103.621
127 0.00965058 103.621
128 0.00965058 103.621
129 0.00726414 137.663
130 0.00726414 137.663
131 0.00726414 137.663
132 0.00467464 213.92
133 0.00140811 710.173
134 0.000221026 4524.35
135 0.000396033 2525.04
136 0.00543071 184.138
137 0.00938977 106.499
138 0.00515874 193.846
139 0.00379768 263.319
140 0.0012678 788.766
141 0.000939636 1064.24
142 0.00445146 224.645
143 0.00962072 103.942
144 0.00844937 118.352
145 0.00220841 452.814
146 0.00116139 861.041
147 0.000604151 1655.22
148 0.00106956 934.966
149 0.0139715 71.5744
150 0.0179147 55.82
151 0.0119382 83.7646
152 0.0102549 97.5146
153 0.014754 67.7784
154 0.0120777 82.7972
155 0.0112975 88.5148
156 0.00776848 128.725
157 0.00341091 293.177
158 0.00565052 176.975
159 0.0117285 85.2627
160 0.0160676 62.2369
161 0.00416541 240.073
162 0.00206799 483.561
163 0.00933073 107.173
164 0.00411694 242.899
165 0.00218425 457.823
166 0.000993131 1006.92
167 0.00720147 138.86
168 0.00450437 222.007
169 0.00726414 137.663
170 0.00726414 137.663
171 0.00726414 137.663
172 0.00660502 151.4
173 0.00660502 151.4
174 0.00660502 151.4
175 0.00052715 1896.99
176 0.00343086 291.472
177 0.0138699 72.0985
178 0.0161389 61.9622
179 0.011522 86.7906
180 0.00644125 155.249
181 0.00884365 113.076
182 0.0104503 95.6913
183 0.0191662 52.1753
184 0.0185571 53.8878
185 0.00634783 157.534
186 0.00532781 187.694
187 0.00617617 161.913
188 0.00297447 336.194
189 0.00143938 694.741
190 0.00447379 223.524
191 0.0102036 98.0049
192 0.00572926 174.543
193 0.00624296 160.18
194 0.00677531 147.595
195 0.00430749 232.154
196 0.00139807 715.274
197 0.00202716 493.3
198 0.00322428 310.147
199 0.00735961 135.877
200 0.00716208 139.624
201 0.010001 99.9897
202 0.00483037 207.024
203 0.00401729 248.924
204 0.00574038 174.204
205 0.00617994 161.814
206 0.00140693 710.765
207 0.00129325 773.245
208 0.00140671 710.876
209 0.0015003 666.532
210 0.00311249 321.286
211 0.0103819 96.3215
212 0.00660502 151.4
213 0.00660502 151.4
214 0.00660502 151.4
