#bead W(k/zeta)
0 0.136661 7.31737
1 0.136661 7.31737
2 0.136661 7.31737
3 0.136661 7.31737
4 0.136661 7.31737
5 0.136661 7.31737
6 0.136661 7.31737
7 0.136661 7.31737
8 0.136661 7.31737
9 0.12009 8.32712
10 0.164572 6.07636
11 0.14186 7.0492
12 0.139798 7.15317
13 0.136291 7.33725
14 0.228415 4.378
15 0.193167 5.17687
16 0.100308 9.96927
17 0.157062 6.36693
18 0.230686 4.3349
19 0.11066 9.03671
20 0.124937 8.00406
21 0.219345 4.55904
22 0.118729 8.42251
23 0.137142 7.29173
24 0.145626 6.8669
25 0.137882 7.25258
26 0.156985 6.37003
27 0.0888209 11.2586
28 0.178364 5.60652
29 0.173771 5.7547
30 0.0636868 15.7018
31 0.206255 4.84837
32 0.204787 4.88313
33 0.0626268 15.9676
34 0.183126 5.46073
35 0.161212 6.20301
36 0.0719798 13.8928
37 0.162116 6.16841
38 0.128399 7.78824
39 0.0933015 10.7179
40 0.159681 6.2625
41 0.116903 8.55408
42 0.131488 7.60524
43 0.137867 7.25337
44 0.124286 8.04595
45 0.11313 8.83935
46 0.142073 7.03865
47 0.147059 6.80001
48 0.0921141 10.8561
49 0.178006 5.61778
50 0.149589 6.685
51 0.098425 10.16
52 0.218924 4.5678
53 0.155321 6.43826
54 0.13115 7.62485
55 0.201434 4.96442
56 0.149373 6.69467
57 0.134821 7.41725
58 0.182291 5.48572
59 0.123835 8.07523
60 0.126143 7.92753
61 0.157466 6.35058
62 0.0960973 10.4061
63 0.125555 7.96463
64 0.130656 7.65371
65 0.110936 9.01417
66 0.114222 8.7549
67 0.115222 8.67889
68 0.123284 8.11133
69 0.105295 9.49708
70 0.114307 8.74837
71 0.135432 7.38376
72 0.123158 8.11964
73 0.117097 8.53992
74 0.142367 7.02408
75 0.154341 6.47916
76 0.115672 8.64511
77 0.147044 6.80069
78 0.188851 5.29517
79 0.115394 8.66592
80 0.169029 5.91615
81 0.169313 5.90624
82 0.133486 7.49144
83 0.186307 5.3675
84 0.144646 6.91341
85 0.214022 4.67242
86 0.169804 5.88916
87 0.114576 8.72784
88 0.316786 3.1567
89 0.0919959 10.8701
90 0.109726 9.11359
91 0.239789 4.17033
92 0.0967186 10.3393
93 0.123162 8.11938
94 0.140254 7.12993
95 0.121288 8.24484
96 0.159358 6.27518
97 0.0890769 11.2263
98 0.0874242 11.4385
99 0.172806 5.78683
100 0.0727899 13.7382
101 0.0800564 12.4912
102 0.131667 7.59494
103 0.0823309 12.1461
104 0.105471 9.48125
105 0.154551 6.47037
106 0.0845966 11.8208
107 0.117935 8.47927
108 0.21142 4.72993
109 0.0804546 12.4294
110 0.0823582 12.1421
111 0.182821 5.46982
112 0.0852942 11.7241
113 0.0652322 15.3298
114 0.119398 8.37537
115 0.11465 8.72222
116 0.0626585 15.9595
117 0.099575 10.0427
118 0.115975 8.62257
119 0.0822767 12.1541
120 0.136661 7.31737
121 0.136661 7.31737
122 0.136661 7.31737
123 0.136661 7.31737
124 0.136661 7.31737
125 0.136661 7.31737
126 0.136661 7.31737
127 0.136661 7.31737
128 0.136661 7.31737
129 0.157402 6.35314
130 0.157402 6.35314
131 0.157402 6.35314
132 0.157402 6.35314
133 0.157402 6.35314
134 0.157402 6.35314
135 0.157402 6.35314
136 0.157402 6.35314
137 0.157402 6.35314
138 0.158473 6.31022
139 0.103325 9.6782
140 0.18999 5.26343
141 0.136511 7.3254
142 0.123461 8.09971
143 0.187191 5.34214
144 0.102677 9.73931
145 0.210578 4.74884
146 0.122417 8.16881
147 0.0995779 10.0424
148 0.244582 4.08861
149 0.0931562 10.7347
150 0.128648 7.77312
151 0.173799 5.75378
152 0.0994812 10.0521
153 0.190862 5.2394
154 0.145335 6.88066
155 0.150031 6.66528
156 0.219368 4.55854
157 0.139684 7.15901
158 0.16811 5.94849
159 0.12342 8.10239
160 0.130854 7.64208
161 0.165245 6.05161
162 0.0813674 12.2899
163 0.165815 6.03081
164 0.160548 6.22866
165 0.0768737 13.0083
166 0.251958 3.96891
167 0.15485 6.45786
168 0.084643 11.8143
169 0.245502 4.07329
170 0.14162 7.06113
171 0.0978367 10.2211
172 0.122984 8.13113
173 0.13593 7.35671
174 0.118308 8.45248
175 0.0915778 10.9197
176 0.13137 7.6121
177 0.1362 7.34212
178 0.110283 9.06757
179 0.153581 6.51123
180 0.136476 7.32732
181 0.182721 5.47283
182 0.158156 6.32289
183 0.137445 7.27562
184 0.233682 4.27931
185 0.124922 8.005
186 0.135479 7.3812
187 0.224492 4.4545
188 0.119282 8.38351
189 0.144539 6.91857
190 0.171289 5.83808
191 0.130016 7.69136
192 0.162173 6.16625
193 0.123997 8.06472
194 0.138625 7.21372
195 0.211062 4.73794
196 0.121769 8.2123
197 0.114076 8.7661
198 0.239703 4.17182
199 0.184255 5.42726
200 0.0920104 10.8683
201 0.193963 5.15562
202 0.211612 4.72563
203 0.105492 9.47937
204 0.154524 6.47148
205 0.161845 6.17875
206 0.164972 6.06162
207 0.163172 6.12851
208 0.159152 6.2833
209 0.242154 4.1296
210 0.191955 5.20954
211 0.222788 4.48857
212 0.209056 4.7834
213 0.184956 5.40668
214 0.240249 4.16235
215 0.16903 5.91612
216 0.16589 6.02811
217 0.242712 4.12011
218 0.15246 6.55908
219 0.178673 5.59681
220 0.165617 6.03801
221 0.152406 6.56143
222 0.241132 4.14711
223 0.106181 9.41786
224 0.16416 6.09163
225 0.244371 4.09213
226 0.0966696 10.3445
227 0.165745 6.03337
228 0.152234 6.56882
229 0.114648 8.72234
230 0.139471 7.16995
231 0.116692 8.56954
232 0.147908 6.76095
233 0.137987 7.24706
234 0.116616 8.57515
235 0.168321 5.94102
236 0.15895 6.29127
237 0.127565 7.83913
238 0.159828 6.25671
239 0.175961 5.68309
240 0.158316 6.31649
241 0.150924 6.62586
242 0.144475 6.92159
243 0.182188 5.48885
244 0.175039 5.713
245 0.136683 7.31617
246 0.226501 4.415
247 0.211161 4.73571
248 0.16506 6.0584
249 0.157402 6.35314
250 0.157402 6.35314
251 0.157402 6.35314
252 0.157402 6.35314
253 0.157402 6.35314
254 0.157402 6.35314
255 0.157402 6.35314
256 0.157402 6.35314
257 0.157402 6.35314
258 0.173759 5.75509
259 0.173759 5.75509
260 0.173759 5.75509
261 0.173759 5.75509
262 0.173759 5.75509
263 0.173759 5.75509
264 0.173759 5.75509
265 0.173759 5.75509
266 0.173759 5.75509
267 0.10063 9.93736
268 0.11541 8.66475
269 0.0934615 10.6996
270 0.10045 9.95515
271 0.0712121 14.0425
272 0.0716973 13.9475
273 0.209461 4.77415
274 0.0715721 13.9719
275 0.116549 8.58007
276 0.134132 7.45533
277 0.107434 9.30806
278 0.246963 4.0492
279 0.126758 7.88907
280 0.158006 6.32887
281 0.291009 3.43631
282 0.17577 5.68926
283 0.189141 5.28705
284 0.201808 4.9552
285 0.172512 5.7967
286 0.220904 4.52685
287 0.134099 7.45717
288 0.193923 5.15669
289 0.235986 4.23754
290 0.131583 7.59976
291 0.217729 4.59287
292 0.202276 4.94374
293 0.178302 5.60847
294 0.247169 4.04582
295 0.177033 5.64867
296 0.238956 4.18487
297 0.244701 4.08662
298 0.214613 4.65954
299 0.243427 4.108
300 0.178471 5.60316
301 0.269707 3.70773
302 0.25641 3.90001
303 0.13665 7.31796
304 0.207162 4.82714
305 0.303353 3.29649
306 0.149796 6.67573
307 0.187251 5.34043
308 0.241687 4.13759
309 0.159532 6.26834
310 0.211049 4.73824
311 0.188429 5.30704
312 0.14129 7.07765
313 0.200303 4.99243
314 0.188351 5.30925
315 0.100834 9.91727
316 0.176427 5.66807
317 0.245862 4.06733
318 0.0924262 10.8194
319 0.135712 7.36855
320 0.217724 4.59297
321 0.0900095 11.1099
322 0.119653 8.35752
323 0.149004 6.71123
324 0.0944757 10.5847
325 0.127996 7.81273
326 0.112368 8.89931
327 0.0973814 10.2689
328 0.11242 8.89521
329 0.0958341 10.4347
330 0.0921333 10.8538
331 0.108785 9.19244
332 0.0976436 10.2413
333 0.0926386 10.7946
334 0.120683 8.28618
335 0.13159 7.59935
336 0.120867 8.27356
337 0.118464 8.44135
338 0.16263 6.14895
339 0.201724 4.95726
340 0.118391 8.44658
341 0.195394 5.11786
342 0.334124 2.9929
343 0.135311 7.39036
344 0.200452 4.98873
345 0.449367 2.22535
346 0.159173 6.28249
347 0.160289 6.23874
348 0.584911 1.70966
349 0.196432 5.09081
350 0.124735 8.01699
351 0.403128 2.4806
352 0.19725 5.06972
353 0.112907 8.85682
354 0.299411 3.33989
355 0.143481 6.96956
356 0.100593 9.94107
357 0.27229 3.67255
358 0.0991167 10.0891
359 0.105011 9.5228
360 0.283337 3.52937
361 0.0850706 11.7549
362 0.120048 8.32997
363 0.272154 3.67439
364 0.113565 8.80552
365 0.123163 8.11934
366 0.247656 4.03787
367 0.149696 6.68019
368 0.128919 7.7568
369 0.214321 4.66589
370 0.148229 6.74631
371 0.143112 6.98754
372 0.218152 4.58396
373 0.152689 6.54926
374 0.14117 7.08364
375 0.215386 4.64283
376 0.130674 7.65266
377 0.138765 7.20641
378 0.173759 5.75509
379 0.173759 5.75509
380 0.173759 5.75509
381 0.173759 5.75509
382 0.173759 5.75509
383 0.173759 5.75509
384 0.173759 5.75509
385 0.173759 5.75509
386 0.173759 5.75509
387 0.158158 6.32281
388 0.158158 6.32281
389 0.158158 6.32281
390 0.158158 6.32281
391 0.158158 6.32281
392 0.158158 6.32281
393 0.158158 6.32281
394 0.158158 6.32281
395 0.158158 6.32281
396 0.127567 7.83904
397 0.119879 8.34175
398 0.100161 9.98389
399 0.195957 5.10317
400 0.106837 9.36004
401 0.101528 9.84948
402 0.291139 3.43479
403 0.10715 9.3327
404 0.125576 7.96329
405 0.305015 3.27852
406 0.120982 8.26568
407 0.142693 7.00805
408 0.254743 3.92552
409 0.102397 9.76592
410 0.154498 6.47259
411 0.168875 5.92155
412 0.100175 9.98254
413 0.17356 5.76168
414 0.155849 6.41647
415 0.12975 7.70715
416 0.132847 7.52747
417 0.235146 4.25267
418 0.111226 8.99068
419 0.106014 9.43268
420 0.44735 2.23538
421 0.095412 10.4809
422 0.102496 9.75646
423 0.327334 3.05498
424 0.127165 7.86383
425 0.0973625 10.2709
426 0.186427 5.36404
427 0.145477 6.87395
428 0.110632 9.03899
429 0.116246 8.60248
430 0.125163 7.98955
431 0.144074 6.94087
432 0.124364 8.0409
433 0.107415 9.3097
434 0.200629 4.98433
435 0.207286 4.82425
436 0.0798699 12.5204
437 0.25646 3.89924
438 0.193317 5.17286
439 0.0915879 10.9185
440 0.221813 4.5083
441 0.176148 5.67706
442 0.142959 6.99501
443 0.158075 6.32611
444 0.187857 5.32319
445 0.153632 6.50906
446 0.13533 7.38935
447 0.183355 5.4539
448 0.108431 9.22249
449 0.12199 8.19742
450 0.182731 5.47251
451 0.0819652 12.2003
452 0.193746 5.1614
453 0.199444 5.01394
454 0.077387 12.9221
455 0.254089 3.93563
456 0.148904 6.71572
457 0.0891589 11.2159
458 0.20658 4.84075
459 0.102885 9.71957
460 0.10457 9.56298
461 0.191044 5.23438
462 0.144424 6.92404
463 0.109393 9.14136
464 0.191156 5.23133
465 0.223862 4.46703
466 0.0978074 10.2242
467 0.209109 4.7822
468 0.282448 3.54047
469 0.105756 9.45574
470 0.178907 5.58951
471 0.249605 4.00633
472 0.130425 7.66723
473 0.151064 6.61972
474 0.188683 5.2999
475 0.141862 7.04909
476 0.169698 5.89282
477 0.165833 6.03016
478 0.15186 6.585
479 0.204318 4.89434
480 0.156303 6.39782
481 0.17741 5.63666
482 0.186898 5.35051
483 0.161416 6.19518
484 0.161361 6.1973
485 0.150822 6.63035
486 0.180637 5.53597
487 0.131521 7.60335
488 0.132502 7.54704
489 0.19462 5.13821
490 0.117627 8.50146
491 0.139017 7.19337
492 0.181024 5.52411
493 0.10992 9.09753
494 0.177743 5.62611
495 0.149843 6.67365
496 0.113921 8.77801
497 0.185216 5.3991
498 0.126642 7.89627
499 0.12588 7.94408
500 0.136928 7.3031
501 0.189393 5.28003
502 0.122311 8.17591
503 0.112094 8.92109
504 0.204015 4.9016
505 0.151204 6.6136
506 0.105285 9.49806
507 0.158158 6.32281
508 0.158158 6.32281
509 0.158158 6.32281
510 0.158158 6.32281
511 0.158158 6.32281
512 0.158158 6.32281
513 0.158158 6.32281
514 0.158158 6.32281
515 0.158158 6.32281
516 0.16735 5.97549
517 0.16735 5.97549
518 0.16735 5.97549
519 0.16735 5.97549
520 0.16735 5.97549
521 0.16735 5.97549
522 0.16735 5.97549
523 0.16735 5.97549
524 0.16735 5.97549
525 0.0832474 12.0124
526 0.0556425 17.9719
527 0.12192 8.2021
528 0.148703 6.72483
529 0.0881349 11.3462
530 0.0487055 20.5316
531 0.109604 9.12379
532 0.227843 4.38899
533 0.0256021 39.0593
534 0.0695197 14.3844
535 0.42027 2.37942
536 0.0401932 24.8798
537 0.0747726 13.3739
538 0.268069 3.73039
539 0.0899541 11.1168
540 0.139182 7.18483
541 0.178252 5.61003
542 0.177059 5.64785
543 0.20721 4.82602
544 0.140725 7.10604
545 0.265728 3.76324
546 0.20756 4.81789
547 0.144963 6.89832
548 0.238703 4.18931
549 0.190636 5.24559
550 0.202221 4.94508
551 0.20957 4.77168
552 0.190759 5.2422
553 0.223449 4.4753
554 0.223883 4.46663
555 0.18749 5.33362
556 0.196637 5.08552
557 0.235398 4.24812
558 0.17249 5.79745
559 0.181443 5.51136
560 0.222989 4.48452
561 0.151926 6.58216
562 0.214476 4.66252
563 0.185731 5.38412
564 0.211916 4.71884
565 0.24415 4.09584
566 0.226777 4.40961
567 0.242854 4.1177
568 0.197587 5.06105
569 0.267114 3.74372
570 0.210023 4.76138
571 0.154475 6.47352
572 0.23979 4.17032
573 0.195343 5.1192
574 0.15243 6.56039
575 0.199723 5.00694
576 0.188516 5.3046
577 0.147342 6.78694
578 0.200299 4.99253
579 0.169378 5.90394
580 0.140507 7.11709
581 0.173649 5.75873
582 0.151787 6.58818
583 0.144541 6.91848
584 0.149438 6.69175
585 0.144701 6.91082
586 0.15297 6.53724
587 0.117248 8.52895
588 0.176763 5.6573
589 0.155665 6.42404
590 0.107109 9.33628
591 0.198812 5.02988
592 0.124364 8.04093
593 0.116216 8.60468
594 0.194168 5.15017
595 0.101871 9.81636
596 0.163138 6.12979
597 0.152428 6.56048
598 0.111592 8.96124
599 0.168649 5.92948
600 0.157859 6.33476
601 0.155253 6.44108
602 0.157645 6.34336
603 0.133191 7.50803
604 0.182254 5.48684
605 0.204171 4.89785
606 0.0924481 10.8169
607 0.146868 6.80882
608 0.246253 4.06087
609 0.103087 9.70053
610 0.188077 5.31698
611 0.158558 6.30684
612 0.181819 5.49997
613 0.20686 4.83418
614 0.127911 7.81794
615 0.221115 4.52254
616 0.190621 5.24602
617 0.140159 7.13476
618 0.168194 5.94552
619 0.151977 6.57996
620 0.137538 7.27073
621 0.201243 4.96911
622 0.176142 5.67723
623 0.101762 9.82685
624 0.331537 3.01625
625 0.222241 4.49963
626 0.0797154 12.5446
627 0.356453 2.80542
628 0.180505 5.54002
629 0.102536 9.75266
630 0.192042 5.20718
631 0.0824695 12.1257
632 0.124125 8.05637
633 0.080971 12.3501
634 0.0767959 13.0215
635 0.0614987 16.2605
636 0.16735 5.97549
637 0.16735 5.97549
638 0.16735 5.97549
639 0.16735 5.97549
640 0.16735 5.97549
641 0.16735 5.97549
642 0.16735 5.97549
643 0.16735 5.97549
644 0.16735 5.97549
