 theory   roufrica                                                                        
      intensit    0.000000       0.00       0.0000    
      wl4         0.000000       0.00       0.0000    
      re_arm      0.000000       0.00       0.0000    
      n_arm       0.000000       0.00       0.0000    
      fric0       0.000000       0.00       0.0000    
      fricn       0.000000       0.00       0.0000    
      nfric       0.000000       0.00       0.0000    
      fricc0      0.000000       0.00       0.0000    
      bgr_clas    0.000000       0.00       0.0000    
      bgr_frac    0.000000       0.00       0.0000    
 theory   roufricb                                                                        
      intensit    0.000000       0.00       0.0000    
      wl4         0.000000       0.00       0.0000    
      re_arm      0.000000       0.00       0.0000    
      n_arm       0.000000       0.00       0.0000    
      fric0       0.000000       0.00       0.0000    
      fricn       0.000000       0.00       0.0000    
      nfric       0.000000       0.00       0.0000    
      fricc0      0.000000       0.00       0.0000    
      aptrans     0.000000       0.00       0.0000    
      apwidth     0.000000       0.00       0.0000    
      ap1         0.000000       0.00       0.0000    
      apnu        0.000000       0.00       0.0000    
      bgr_clas    0.000000       0.00       0.0000    
      bgr_frac    0.000000       0.00       0.0000    
 end
